x |phi(x)|²
0.000000 0.000000
0.000900 0.000037
0.001800 0.000146
0.002700 0.000329
0.003600 0.000585
0.004500 0.000914
0.005400 0.001315
0.006300 0.001790
0.007200 0.002338
0.008100 0.002959
0.009000 0.003652
0.009900 0.004419
0.010800 0.005258
0.011700 0.006169
0.012600 0.007154
0.013500 0.008210
0.014400 0.009339
0.015300 0.010541
0.016200 0.011814
0.017100 0.013160
0.018000 0.014578
0.018900 0.016067
0.019800 0.017628
0.020700 0.019261
0.021600 0.020965
0.022500 0.022741
0.023400 0.024587
0.024300 0.026505
0.025200 0.028493
0.026100 0.030552
0.027000 0.032682
0.027900 0.034882
0.028800 0.037152
0.029700 0.039491
0.030600 0.041901
0.031500 0.044380
0.032400 0.046928
0.033300 0.049545
0.034200 0.052231
0.035100 0.054985
0.036000 0.057808
0.036900 0.060699
0.037800 0.063658
0.038700 0.066685
0.039600 0.069778
0.040500 0.072939
0.041400 0.076167
0.042300 0.079461
0.043200 0.082821
0.044100 0.086248
0.045000 0.089740
0.045900 0.093297
0.046800 0.096919
0.047700 0.100606
0.048600 0.104358
0.049500 0.108173
0.050400 0.112052
0.051300 0.115995
0.052200 0.120001
0.053100 0.124069
0.054000 0.128200
0.054900 0.132393
0.055800 0.136647
0.056700 0.140963
0.057600 0.145340
0.058500 0.149777
0.059400 0.154274
0.060300 0.158831
0.061200 0.163448
0.062100 0.168123
0.063000 0.172857
0.063900 0.177649
0.064800 0.182499
0.065700 0.187406
0.066600 0.192370
0.067500 0.197391
0.068400 0.202467
0.069300 0.207599
0.070200 0.212786
0.071100 0.218028
0.072000 0.223325
0.072900 0.228675
0.073800 0.234078
0.074700 0.239534
0.075600 0.245042
0.076500 0.250603
0.077400 0.256215
0.078300 0.261877
0.079200 0.267591
0.080100 0.273354
0.081000 0.279166
0.081900 0.285028
0.082800 0.290938
0.083700 0.296896
0.084600 0.302901
0.085500 0.308954
0.086400 0.315052
0.087300 0.321197
0.088200 0.327387
0.089100 0.333621
0.090000 0.339900
0.090900 0.346223
0.091800 0.352588
0.092700 0.358997
0.093600 0.365447
0.094500 0.371939
0.095400 0.378472
0.096300 0.385045
0.097200 0.391658
0.098100 0.398310
0.099000 0.405000
0.099900 0.411729
0.100800 0.418496
0.101700 0.425299
0.102600 0.432138
0.103500 0.439014
0.104400 0.445924
0.105300 0.452869
0.106200 0.459848
0.107100 0.466860
0.108000 0.473905
0.108900 0.480982
0.109800 0.488090
0.110700 0.495230
0.111600 0.502399
0.112500 0.509599
0.113400 0.516827
0.114300 0.524084
0.115200 0.531368
0.116100 0.538680
0.117000 0.546018
0.117900 0.553382
0.118800 0.560771
0.119700 0.568185
0.120600 0.575622
0.121500 0.583084
0.122400 0.590567
0.123300 0.598073
0.124200 0.605600
0.125100 0.613148
0.126000 0.620716
0.126900 0.628303
0.127800 0.635909
0.128700 0.643533
0.129600 0.651175
0.130500 0.658833
0.131400 0.666508
0.132300 0.674198
0.133200 0.681902
0.134100 0.689621
0.135000 0.697353
0.135900 0.705098
0.136800 0.712856
0.137700 0.720624
0.138600 0.728403
0.139500 0.736193
0.140400 0.743992
0.141300 0.751799
0.142200 0.759615
0.143100 0.767438
0.144000 0.775268
0.144900 0.783104
0.145800 0.790945
0.146700 0.798791
0.147600 0.806641
0.148500 0.814494
0.149400 0.822350
0.150300 0.830208
0.151200 0.838067
0.152100 0.845927
0.153000 0.853786
0.153900 0.861645
0.154800 0.869503
0.155700 0.877358
0.156600 0.885211
0.157500 0.893060
0.158400 0.900905
0.159300 0.908745
0.160200 0.916579
0.161100 0.924408
0.162000 0.932229
0.162900 0.940043
0.163800 0.947849
0.164700 0.955646
0.165600 0.963434
0.166500 0.971211
0.167400 0.978977
0.168300 0.986732
0.169200 0.994474
0.170100 1.002204
0.171000 1.009920
0.171900 1.017621
0.172800 1.025308
0.173700 1.032979
0.174600 1.040634
0.175500 1.048272
0.176400 1.055892
0.177300 1.063494
0.178200 1.071078
0.179100 1.078641
0.180000 1.086185
0.180900 1.093708
0.181800 1.101209
0.182700 1.108688
0.183600 1.116144
0.184500 1.123577
0.185400 1.130986
0.186300 1.138370
0.187200 1.145728
0.188100 1.153061
0.189000 1.160367
0.189900 1.167645
0.190800 1.174896
0.191700 1.182118
0.192600 1.189312
0.193500 1.196475
0.194400 1.203608
0.195300 1.210710
0.196200 1.217780
0.197100 1.224818
0.198000 1.231823
0.198900 1.238795
0.199800 1.245733
0.200700 1.252636
0.201600 1.259504
0.202500 1.266336
0.203400 1.273131
0.204300 1.279890
0.205200 1.286611
0.206100 1.293294
0.207000 1.299938
0.207900 1.306542
0.208800 1.313107
0.209700 1.319631
0.210600 1.326114
0.211500 1.332556
0.212400 1.338955
0.213300 1.345312
0.214200 1.351625
0.215100 1.357895
0.216000 1.364120
0.216900 1.370301
0.217800 1.376436
0.218700 1.382524
0.219600 1.388567
0.220500 1.394562
0.221400 1.400510
0.222300 1.406410
0.223200 1.412262
0.224100 1.418064
0.225000 1.423817
0.225900 1.429519
0.226800 1.435172
0.227700 1.440773
0.228600 1.446322
0.229500 1.451820
0.230400 1.457265
0.231300 1.462657
0.232200 1.467996
0.233100 1.473281
0.234000 1.478511
0.234900 1.483687
0.235800 1.488807
0.236700 1.493872
0.237600 1.498881
0.238500 1.503833
0.239400 1.508728
0.240300 1.513566
0.241200 1.518346
0.242100 1.523068
0.243000 1.527731
0.243900 1.532335
0.244800 1.536879
0.245700 1.541364
0.246600 1.545789
0.247500 1.550152
0.248400 1.554455
0.249300 1.558697
0.250200 1.562877
0.251100 1.566995
0.252000 1.571050
0.252900 1.575042
0.253800 1.578972
0.254700 1.582838
0.255600 1.586640
0.256500 1.590378
0.257400 1.594051
0.258300 1.597660
0.259200 1.601204
0.260100 1.604682
0.261000 1.608094
0.261900 1.611441
0.262800 1.614721
0.263700 1.617935
0.264600 1.621082
0.265500 1.624161
0.266400 1.627174
0.267300 1.630118
0.268200 1.632995
0.269100 1.635804
0.270000 1.638544
0.270900 1.641215
0.271800 1.643818
0.272700 1.646352
0.273600 1.648816
0.274500 1.651211
0.275400 1.653536
0.276300 1.655791
0.277200 1.657976
0.278100 1.660091
0.279000 1.662135
0.279900 1.664109
0.280800 1.666011
0.281700 1.667843
0.282600 1.669604
0.283500 1.671293
0.284400 1.672911
0.285300 1.674457
0.286200 1.675931
0.287100 1.677334
0.288000 1.678664
0.288900 1.679923
0.289800 1.681109
0.290700 1.682223
0.291600 1.683265
0.292500 1.684234
0.293400 1.685130
0.294300 1.685954
0.295200 1.686705
0.296100 1.687383
0.297000 1.687989
0.297900 1.688521
0.298800 1.688981
0.299700 1.689367
0.300600 1.689681
0.301500 1.689921
0.302400 1.690089
0.303300 1.690183
0.304200 1.690204
0.305100 1.690153
0.306000 1.690028
0.306900 1.689830
0.307800 1.689558
0.308700 1.689214
0.309600 1.688797
0.310500 1.688307
0.311400 1.687744
0.312300 1.687108
0.313200 1.686399
0.314100 1.685618
0.315000 1.684763
0.315900 1.683836
0.316800 1.682837
0.317700 1.681765
0.318600 1.680621
0.319500 1.679404
0.320400 1.678115
0.321300 1.676755
0.322200 1.675322
0.323100 1.673817
0.324000 1.672241
0.324900 1.670594
0.325800 1.668874
0.326700 1.667084
0.327600 1.665223
0.328500 1.663290
0.329400 1.661287
0.330300 1.659213
0.331200 1.657069
0.332100 1.654854
0.333000 1.652570
0.333900 1.650216
0.334800 1.647792
0.335700 1.645298
0.336600 1.642736
0.337500 1.640104
0.338400 1.637404
0.339300 1.634635
0.340200 1.631797
0.341100 1.628892
0.342000 1.625919
0.342900 1.622879
0.343800 1.619771
0.344700 1.616596
0.345600 1.613354
0.346500 1.610046
0.347400 1.606672
0.348300 1.603232
0.349200 1.599726
0.350100 1.596155
0.351000 1.592519
0.351900 1.588819
0.352800 1.585054
0.353700 1.581225
0.354600 1.577333
0.355500 1.573377
0.356400 1.569358
0.357300 1.565276
0.358200 1.561132
0.359100 1.556927
0.360000 1.552659
0.360900 1.548331
0.361800 1.543941
0.362700 1.539492
0.363600 1.534982
0.364500 1.530412
0.365400 1.525783
0.366300 1.521096
0.367200 1.516350
0.368100 1.511545
0.369000 1.506683
0.369900 1.501764
0.370800 1.496788
0.371700 1.491756
0.372600 1.486668
0.373500 1.481524
0.374400 1.476326
0.375300 1.471072
0.376200 1.465765
0.377100 1.460404
0.378000 1.454989
0.378900 1.449522
0.379800 1.444003
0.380700 1.438431
0.381600 1.432809
0.382500 1.427135
0.383400 1.421412
0.384300 1.415638
0.385200 1.409815
0.386100 1.403943
0.387000 1.398023
0.387900 1.392055
0.388800 1.386040
0.389700 1.379978
0.390600 1.373870
0.391500 1.367716
0.392400 1.361516
0.393300 1.355273
0.394200 1.348985
0.395100 1.342653
0.396000 1.336278
0.396900 1.329861
0.397800 1.323402
0.398700 1.316902
0.399600 1.310360
0.400500 1.303779
0.401400 1.297158
0.402300 1.290497
0.403200 1.283799
0.404100 1.277062
0.405000 1.270288
0.405900 1.263477
0.406800 1.256630
0.407700 1.249747
0.408600 1.242829
0.409500 1.235877
0.410400 1.228891
0.411300 1.221872
0.412200 1.214821
0.413100 1.207737
0.414000 1.200622
0.414900 1.193476
0.415800 1.186300
0.416700 1.179095
0.417600 1.171861
0.418500 1.164598
0.419400 1.157308
0.420300 1.149991
0.421200 1.142647
0.422100 1.135278
0.423000 1.127883
0.423900 1.120465
0.424800 1.113022
0.425700 1.105556
0.426600 1.098068
0.427500 1.090557
0.428400 1.083026
0.429300 1.075474
0.430200 1.067902
0.431100 1.060310
0.432000 1.052701
0.432900 1.045073
0.433800 1.037428
0.434700 1.029766
0.435600 1.022088
0.436500 1.014395
0.437400 1.006687
0.438300 0.998966
0.439200 0.991231
0.440100 0.983483
0.441000 0.975723
0.441900 0.967952
0.442800 0.960171
0.443700 0.952379
0.444600 0.944579
0.445500 0.936769
0.446400 0.928952
0.447300 0.921127
0.448200 0.913296
0.449100 0.905459
0.450000 0.897617
0.450000 0.897617
0.450200 0.895878
0.450400 0.894149
0.450600 0.892429
0.450800 0.890718
0.451000 0.889016
0.451200 0.887323
0.451400 0.885640
0.451600 0.883965
0.451800 0.882300
0.452000 0.880643
0.452200 0.878996
0.452400 0.877357
0.452600 0.875727
0.452800 0.874107
0.453000 0.872495
0.453200 0.870892
0.453400 0.869298
0.453600 0.867712
0.453800 0.866135
0.454000 0.864568
0.454200 0.863008
0.454400 0.861458
0.454600 0.859916
0.454800 0.858383
0.455000 0.856858
0.455200 0.855342
0.455400 0.853835
0.455600 0.852336
0.455800 0.850845
0.456000 0.849363
0.456200 0.847890
0.456400 0.846424
0.456600 0.844968
0.456800 0.843519
0.457000 0.842079
0.457200 0.840648
0.457400 0.839225
0.457600 0.837809
0.457800 0.836403
0.458000 0.835004
0.458200 0.833614
0.458400 0.832232
0.458600 0.830858
0.458800 0.829492
0.459000 0.828134
0.459200 0.826784
0.459400 0.825443
0.459600 0.824109
0.459800 0.822784
0.460000 0.821466
0.460200 0.820157
0.460400 0.818855
0.460600 0.817562
0.460800 0.816276
0.461000 0.814998
0.461200 0.813728
0.461400 0.812466
0.461600 0.811212
0.461800 0.809966
0.462000 0.808727
0.462200 0.807496
0.462400 0.806273
0.462600 0.805058
0.462800 0.803850
0.463000 0.802650
0.463200 0.801458
0.463400 0.800273
0.463600 0.799096
0.463800 0.797927
0.464000 0.796765
0.464200 0.795610
0.464400 0.794464
0.464600 0.793324
0.464800 0.792193
0.465000 0.791068
0.465200 0.789952
0.465400 0.788842
0.465600 0.787741
0.465800 0.786646
0.466000 0.785559
0.466200 0.784479
0.466400 0.783407
0.466600 0.782342
0.466800 0.781284
0.467000 0.780234
0.467200 0.779191
0.467400 0.778155
0.467600 0.777126
0.467800 0.776105
0.468000 0.775091
0.468200 0.774084
0.468400 0.773084
0.468600 0.772092
0.468800 0.771106
0.469000 0.770128
0.469200 0.769157
0.469400 0.768193
0.469600 0.767236
0.469800 0.766286
0.470000 0.765343
0.470200 0.764407
0.470400 0.763479
0.470600 0.762557
0.470800 0.761642
0.471000 0.760734
0.471200 0.759833
0.471400 0.758939
0.471600 0.758052
0.471800 0.757172
0.472000 0.756299
0.472200 0.755433
0.472400 0.754573
0.472600 0.753721
0.472800 0.752875
0.473000 0.752036
0.473200 0.751204
0.473400 0.750379
0.473600 0.749560
0.473800 0.748748
0.474000 0.747943
0.474200 0.747145
0.474400 0.746354
0.474600 0.745569
0.474800 0.744791
0.475000 0.744019
0.475200 0.743254
0.475400 0.742496
0.475600 0.741745
0.475800 0.741000
0.476000 0.740262
0.476200 0.739530
0.476400 0.738805
0.476600 0.738087
0.476800 0.737375
0.477000 0.736670
0.477200 0.735971
0.477400 0.735279
0.477600 0.734593
0.477800 0.733914
0.478000 0.733242
0.478200 0.732576
0.478400 0.731916
0.478600 0.731263
0.478800 0.730616
0.479000 0.729976
0.479200 0.729342
0.479400 0.728715
0.479600 0.728094
0.479800 0.727479
0.480000 0.726871
0.480200 0.726269
0.480400 0.725674
0.480600 0.725085
0.480800 0.724502
0.481000 0.723926
0.481200 0.723356
0.481400 0.722792
0.481600 0.722235
0.481800 0.721684
0.482000 0.721139
0.482200 0.720601
0.482400 0.720068
0.482600 0.719542
0.482800 0.719023
0.483000 0.718509
0.483200 0.718002
0.483400 0.717501
0.483600 0.717007
0.483800 0.716518
0.484000 0.716036
0.484200 0.715560
0.484400 0.715090
0.484600 0.714627
0.484800 0.714169
0.485000 0.713718
0.485200 0.713273
0.485400 0.712834
0.485600 0.712401
0.485800 0.711974
0.486000 0.711554
0.486200 0.711139
0.486400 0.710731
0.486600 0.710329
0.486800 0.709932
0.487000 0.709543
0.487200 0.709159
0.487400 0.708781
0.487600 0.708409
0.487800 0.708043
0.488000 0.707684
0.488200 0.707330
0.488400 0.706983
0.488600 0.706641
0.488800 0.706306
0.489000 0.705977
0.489200 0.705653
0.489400 0.705336
0.489600 0.705025
0.489800 0.704720
0.490000 0.704420
0.490200 0.704127
0.490400 0.703840
0.490600 0.703559
0.490800 0.703284
0.491000 0.703014
0.491200 0.702751
0.491400 0.702494
0.491600 0.702243
0.491800 0.701997
0.492000 0.701758
0.492200 0.701525
0.492400 0.701297
0.492600 0.701076
0.492800 0.700860
0.493000 0.700651
0.493200 0.700447
0.493400 0.700249
0.493600 0.700057
0.493800 0.699872
0.494000 0.699692
0.494200 0.699518
0.494400 0.699350
0.494600 0.699188
0.494800 0.699031
0.495000 0.698881
0.495200 0.698737
0.495400 0.698598
0.495600 0.698466
0.495800 0.698339
0.496000 0.698218
0.496200 0.698103
0.496400 0.697995
0.496600 0.697891
0.496800 0.697794
0.497000 0.697703
0.497200 0.697618
0.497400 0.697538
0.497600 0.697465
0.497800 0.697397
0.498000 0.697335
0.498200 0.697279
0.498400 0.697229
0.498600 0.697185
0.498800 0.697147
0.499000 0.697115
0.499200 0.697088
0.499400 0.697068
0.499600 0.697053
0.499800 0.697044
0.500000 0.697041
0.500200 0.697044
0.500400 0.697053
0.500600 0.697068
0.500800 0.697088
0.501000 0.697115
0.501200 0.697147
0.501400 0.697185
0.501600 0.697229
0.501800 0.697279
0.502000 0.697335
0.502200 0.697397
0.502400 0.697465
0.502600 0.697538
0.502800 0.697618
0.503000 0.697703
0.503200 0.697794
0.503400 0.697891
0.503600 0.697994
0.503800 0.698103
0.504000 0.698218
0.504200 0.698339
0.504400 0.698466
0.504600 0.698598
0.504800 0.698737
0.505000 0.698881
0.505200 0.699031
0.505400 0.699187
0.505600 0.699350
0.505800 0.699518
0.506000 0.699692
0.506200 0.699871
0.506400 0.700057
0.506600 0.700249
0.506800 0.700447
0.507000 0.700650
0.507200 0.700860
0.507400 0.701075
0.507600 0.701297
0.507800 0.701524
0.508000 0.701758
0.508200 0.701997
0.508400 0.702242
0.508600 0.702494
0.508800 0.702751
0.509000 0.703014
0.509200 0.703283
0.509400 0.703559
0.509600 0.703840
0.509800 0.704127
0.510000 0.704420
0.510200 0.704719
0.510400 0.705025
0.510600 0.705336
0.510800 0.705653
0.511000 0.705976
0.511200 0.706306
0.511400 0.706641
0.511600 0.706982
0.511800 0.707330
0.512000 0.707683
0.512200 0.708043
0.512400 0.708409
0.512600 0.708780
0.512800 0.709158
0.513000 0.709542
0.513200 0.709932
0.513400 0.710328
0.513600 0.710730
0.513800 0.711139
0.514000 0.711553
0.514200 0.711974
0.514400 0.712400
0.514600 0.712833
0.514800 0.713272
0.515000 0.713717
0.515200 0.714169
0.515400 0.714626
0.515600 0.715090
0.515800 0.715560
0.516000 0.716036
0.516200 0.716518
0.516400 0.717006
0.516600 0.717501
0.516800 0.718002
0.517000 0.718509
0.517200 0.719022
0.517400 0.719542
0.517600 0.720068
0.517800 0.720600
0.518000 0.721138
0.518200 0.721683
0.518400 0.722234
0.518600 0.722792
0.518800 0.723355
0.519000 0.723925
0.519200 0.724501
0.519400 0.725084
0.519600 0.725673
0.519800 0.726269
0.520000 0.726870
0.520200 0.727478
0.520400 0.728093
0.520600 0.728714
0.520800 0.729341
0.521000 0.729975
0.521200 0.730615
0.521400 0.731262
0.521600 0.731915
0.521800 0.732575
0.522000 0.733241
0.522200 0.733914
0.522400 0.734593
0.522600 0.735278
0.522800 0.735970
0.523000 0.736669
0.523200 0.737374
0.523400 0.738086
0.523600 0.738805
0.523800 0.739530
0.524000 0.740261
0.524200 0.740999
0.524400 0.741744
0.524600 0.742495
0.524800 0.743254
0.525000 0.744018
0.525200 0.744790
0.525400 0.745568
0.525600 0.746353
0.525800 0.747144
0.526000 0.747942
0.526200 0.748747
0.526400 0.749559
0.526600 0.750378
0.526800 0.751203
0.527000 0.752035
0.527200 0.752874
0.527400 0.753720
0.527600 0.754572
0.527800 0.755432
0.528000 0.756298
0.528200 0.757171
0.528400 0.758051
0.528600 0.758938
0.528800 0.759832
0.529000 0.760733
0.529200 0.761641
0.529400 0.762556
0.529600 0.763478
0.529800 0.764406
0.530000 0.765342
0.530200 0.766285
0.530400 0.767235
0.530600 0.768192
0.530800 0.769156
0.531000 0.770127
0.531200 0.771105
0.531400 0.772091
0.531600 0.773083
0.531800 0.774083
0.532000 0.775090
0.532200 0.776104
0.532400 0.777125
0.532600 0.778154
0.532800 0.779190
0.533000 0.780233
0.533200 0.781283
0.533400 0.782341
0.533600 0.783406
0.533800 0.784478
0.534000 0.785558
0.534200 0.786645
0.534400 0.787739
0.534600 0.788841
0.534800 0.789951
0.535000 0.791067
0.535200 0.792191
0.535400 0.793323
0.535600 0.794462
0.535800 0.795609
0.536000 0.796763
0.536200 0.797925
0.536400 0.799095
0.536600 0.800272
0.536800 0.801456
0.537000 0.802649
0.537200 0.803849
0.537400 0.805056
0.537600 0.806272
0.537800 0.807495
0.538000 0.808726
0.538200 0.809964
0.538400 0.811211
0.538600 0.812465
0.538800 0.813727
0.539000 0.814997
0.539200 0.816275
0.539400 0.817560
0.539600 0.818854
0.539800 0.820156
0.540000 0.821465
0.540200 0.822782
0.540400 0.824108
0.540600 0.825441
0.540800 0.826783
0.541000 0.828133
0.541200 0.829490
0.541400 0.830856
0.541600 0.832230
0.541800 0.833612
0.542000 0.835003
0.542200 0.836401
0.542400 0.837808
0.542600 0.839223
0.542800 0.840646
0.543000 0.842078
0.543200 0.843518
0.543400 0.844966
0.543600 0.846423
0.543800 0.847888
0.544000 0.849362
0.544200 0.850844
0.544400 0.852334
0.544600 0.853833
0.544800 0.855340
0.545000 0.856856
0.545200 0.858381
0.545400 0.859914
0.545600 0.861456
0.545800 0.863007
0.546000 0.864566
0.546200 0.866134
0.546400 0.867710
0.546600 0.869296
0.546800 0.870890
0.547000 0.872493
0.547200 0.874105
0.547400 0.875726
0.547600 0.877355
0.547800 0.878994
0.548000 0.880641
0.548200 0.882298
0.548400 0.883963
0.548600 0.885638
0.548800 0.887322
0.549000 0.889014
0.549200 0.890716
0.549400 0.892427
0.549600 0.894147
0.549800 0.895877
0.550000 0.897615
0.550000 0.897615
0.550900 0.905457
0.551800 0.913294
0.552700 0.921126
0.553600 0.928950
0.554500 0.936767
0.555400 0.944577
0.556300 0.952377
0.557200 0.960169
0.558100 0.967950
0.559000 0.975721
0.559900 0.983481
0.560800 0.991229
0.561700 0.998964
0.562600 1.006685
0.563500 1.014393
0.564400 1.022086
0.565300 1.029764
0.566200 1.037425
0.567100 1.045071
0.568000 1.052698
0.568900 1.060308
0.569800 1.067900
0.570700 1.075472
0.571600 1.083024
0.572500 1.090555
0.573400 1.098065
0.574300 1.105554
0.575200 1.113020
0.576100 1.120462
0.577000 1.127881
0.577900 1.135275
0.578800 1.142645
0.579700 1.149988
0.580600 1.157305
0.581500 1.164596
0.582400 1.171858
0.583300 1.179093
0.584200 1.186298
0.585100 1.193474
0.586000 1.200620
0.586900 1.207735
0.587800 1.214818
0.588700 1.221870
0.589600 1.228889
0.590500 1.235875
0.591400 1.242827
0.592300 1.249744
0.593200 1.256627
0.594100 1.263474
0.595000 1.270285
0.595900 1.277059
0.596800 1.283796
0.597700 1.290495
0.598600 1.297155
0.599500 1.303776
0.600400 1.310358
0.601300 1.316899
0.602200 1.323399
0.603100 1.329858
0.604000 1.336275
0.604900 1.342650
0.605800 1.348982
0.606700 1.355270
0.607600 1.361514
0.608500 1.367713
0.609400 1.373867
0.610300 1.379975
0.611200 1.386037
0.612100 1.392052
0.613000 1.398020
0.613900 1.403940
0.614800 1.409812
0.615700 1.415635
0.616600 1.421409
0.617500 1.427132
0.618400 1.432806
0.619300 1.438428
0.620200 1.444000
0.621100 1.449519
0.622000 1.454986
0.622900 1.460401
0.623800 1.465762
0.624700 1.471069
0.625600 1.476322
0.626500 1.481521
0.627400 1.486665
0.628300 1.491753
0.629200 1.496785
0.630100 1.501761
0.631000 1.506680
0.631900 1.511542
0.632800 1.516346
0.633700 1.521093
0.634600 1.525780
0.635500 1.530409
0.636400 1.534979
0.637300 1.539488
0.638200 1.543938
0.639100 1.548328
0.640000 1.552656
0.640900 1.556923
0.641800 1.561129
0.642700 1.565273
0.643600 1.569355
0.644500 1.573373
0.645400 1.577329
0.646300 1.581222
0.647200 1.585051
0.648100 1.588816
0.649000 1.592516
0.649900 1.596152
0.650800 1.599723
0.651700 1.603229
0.652600 1.606669
0.653500 1.610043
0.654400 1.613351
0.655300 1.616593
0.656200 1.619767
0.657100 1.622875
0.658000 1.625916
0.658900 1.628889
0.659800 1.631794
0.660700 1.634631
0.661600 1.637400
0.662500 1.640101
0.663400 1.642732
0.664300 1.645295
0.665200 1.647788
0.666100 1.650212
0.667000 1.652567
0.667900 1.654851
0.668800 1.657065
0.669700 1.659210
0.670600 1.661283
0.671500 1.663287
0.672400 1.665219
0.673300 1.667081
0.674200 1.668871
0.675100 1.670590
0.676000 1.672238
0.676900 1.673814
0.677800 1.675319
0.678700 1.676751
0.679600 1.678112
0.680500 1.679401
0.681400 1.680617
0.682300 1.681762
0.683200 1.682833
0.684100 1.683833
0.685000 1.684760
0.685900 1.685614
0.686800 1.686396
0.687700 1.687104
0.688600 1.687740
0.689500 1.688303
0.690400 1.688794
0.691300 1.689211
0.692200 1.689555
0.693100 1.689826
0.694000 1.690024
0.694900 1.690149
0.695800 1.690201
0.696700 1.690180
0.697600 1.690085
0.698500 1.689918
0.699400 1.689677
0.700300 1.689364
0.701200 1.688977
0.702100 1.688518
0.703000 1.687985
0.703900 1.687380
0.704800 1.686702
0.705700 1.685950
0.706600 1.685127
0.707500 1.684230
0.708400 1.683261
0.709300 1.682220
0.710200 1.681106
0.711100 1.679919
0.712000 1.678661
0.712900 1.677330
0.713800 1.675928
0.714700 1.674453
0.715600 1.672907
0.716500 1.671289
0.717400 1.669600
0.718300 1.667840
0.719200 1.666008
0.720100 1.664105
0.721000 1.662132
0.721900 1.660087
0.722800 1.657973
0.723700 1.655788
0.724600 1.653533
0.725500 1.651207
0.726400 1.648813
0.727300 1.646348
0.728200 1.643815
0.729100 1.641212
0.730000 1.638540
0.730900 1.635800
0.731800 1.632992
0.732700 1.630115
0.733600 1.627170
0.734500 1.624158
0.735400 1.621078
0.736300 1.617931
0.737200 1.614718
0.738100 1.611437
0.739000 1.608091
0.739900 1.604678
0.740800 1.601200
0.741700 1.597657
0.742600 1.594048
0.743500 1.590374
0.744400 1.586636
0.745300 1.582834
0.746200 1.578969
0.747100 1.575039
0.748000 1.571047
0.748900 1.566991
0.749800 1.562874
0.750700 1.558694
0.751600 1.554452
0.752500 1.550149
0.753400 1.545785
0.754300 1.541361
0.755200 1.536876
0.756100 1.532332
0.757000 1.527728
0.757900 1.523064
0.758800 1.518343
0.759700 1.513563
0.760600 1.508725
0.761500 1.503830
0.762400 1.498878
0.763300 1.493869
0.764200 1.488804
0.765100 1.483684
0.766000 1.478508
0.766900 1.473278
0.767800 1.467993
0.768700 1.462654
0.769600 1.457262
0.770500 1.451817
0.771400 1.446319
0.772300 1.440770
0.773200 1.435169
0.774100 1.429516
0.775000 1.423814
0.775900 1.418061
0.776800 1.412259
0.777700 1.406407
0.778600 1.400508
0.779500 1.394560
0.780400 1.388564
0.781300 1.382522
0.782200 1.376433
0.783100 1.370298
0.784000 1.364117
0.784900 1.357892
0.785800 1.351623
0.786700 1.345309
0.787600 1.338952
0.788500 1.332553
0.789400 1.326112
0.790300 1.319628
0.791200 1.313104
0.792100 1.306539
0.793000 1.299935
0.793900 1.293291
0.794800 1.286608
0.795700 1.279887
0.796600 1.273129
0.797500 1.266333
0.798400 1.259501
0.799300 1.252633
0.800200 1.245730
0.801100 1.238793
0.802000 1.231821
0.802900 1.224816
0.803800 1.217778
0.804700 1.210707
0.805600 1.203605
0.806500 1.196472
0.807400 1.189309
0.808300 1.182116
0.809200 1.174894
0.810100 1.167643
0.811000 1.160364
0.811900 1.153058
0.812800 1.145726
0.813700 1.138367
0.814600 1.130983
0.815500 1.123575
0.816400 1.116142
0.817300 1.108686
0.818200 1.101207
0.819100 1.093705
0.820000 1.086183
0.820900 1.078639
0.821800 1.071076
0.822700 1.063492
0.823600 1.055890
0.824500 1.048270
0.825400 1.040632
0.826300 1.032977
0.827200 1.025306
0.828100 1.017619
0.829000 1.009917
0.829900 1.002202
0.830800 0.994472
0.831700 0.986730
0.832600 0.978975
0.833500 0.971209
0.834400 0.963432
0.835300 0.955644
0.836200 0.947847
0.837100 0.940042
0.838000 0.932227
0.838900 0.924406
0.839800 0.916577
0.840700 0.908743
0.841600 0.900903
0.842500 0.893058
0.843400 0.885209
0.844300 0.877356
0.845200 0.869501
0.846100 0.861643
0.847000 0.853784
0.847900 0.845925
0.848800 0.838065
0.849700 0.830206
0.850600 0.822348
0.851500 0.814492
0.852400 0.806639
0.853300 0.798789
0.854200 0.790943
0.855100 0.783102
0.856000 0.775266
0.856900 0.767437
0.857800 0.759614
0.858700 0.751798
0.859600 0.743990
0.860500 0.736191
0.861400 0.728402
0.862300 0.720623
0.863200 0.712854
0.864100 0.705097
0.865000 0.697352
0.865900 0.689620
0.866800 0.681901
0.867700 0.674196
0.868600 0.666506
0.869500 0.658832
0.870400 0.651174
0.871300 0.643532
0.872200 0.635908
0.873100 0.628302
0.874000 0.620715
0.874900 0.613147
0.875800 0.605599
0.876700 0.598072
0.877600 0.590566
0.878500 0.583082
0.879400 0.575621
0.880300 0.568184
0.881200 0.560770
0.882100 0.553381
0.883000 0.546017
0.883900 0.538679
0.884800 0.531367
0.885700 0.524083
0.886600 0.516826
0.887500 0.509598
0.888400 0.502398
0.889300 0.495229
0.890200 0.488089
0.891100 0.480981
0.892000 0.473904
0.892900 0.466859
0.893800 0.459847
0.894700 0.452868
0.895600 0.445923
0.896500 0.439013
0.897400 0.432138
0.898300 0.425298
0.899200 0.418495
0.900100 0.411728
0.901000 0.405000
0.901900 0.398309
0.902800 0.391657
0.903700 0.385044
0.904600 0.378471
0.905500 0.371938
0.906400 0.365446
0.907300 0.358996
0.908200 0.352588
0.909100 0.346222
0.910000 0.339899
0.910900 0.333621
0.911800 0.327386
0.912700 0.321196
0.913600 0.315052
0.914500 0.308953
0.915400 0.302901
0.916300 0.296895
0.917200 0.290937
0.918100 0.285027
0.919000 0.279166
0.919900 0.273353
0.920800 0.267590
0.921700 0.261877
0.922600 0.256214
0.923500 0.250602
0.924400 0.245042
0.925300 0.239533
0.926200 0.234077
0.927100 0.228674
0.928000 0.223324
0.928900 0.218028
0.929800 0.212786
0.930700 0.207599
0.931600 0.202467
0.932500 0.197390
0.933400 0.192370
0.934300 0.187406
0.935200 0.182499
0.936100 0.177649
0.937000 0.172857
0.937900 0.168123
0.938800 0.163447
0.939700 0.158831
0.940600 0.154274
0.941500 0.149777
0.942400 0.145339
0.943300 0.140963
0.944200 0.136647
0.945100 0.132393
0.946000 0.128200
0.946900 0.124069
0.947800 0.120001
0.948700 0.115995
0.949600 0.112052
0.950500 0.108173
0.951400 0.104357
0.952300 0.100606
0.953200 0.096919
0.954100 0.093297
0.955000 0.089739
0.955900 0.086248
0.956800 0.082821
0.957700 0.079461
0.958600 0.076167
0.959500 0.072939
0.960400 0.069778
0.961300 0.066684
0.962200 0.063658
0.963100 0.060699
0.964000 0.057808
0.964900 0.054985
0.965800 0.052231
0.966700 0.049545
0.967600 0.046928
0.968500 0.044379
0.969400 0.041901
0.970300 0.039491
0.971200 0.037151
0.972100 0.034882
0.973000 0.032682
0.973900 0.030552
0.974800 0.028493
0.975700 0.026505
0.976600 0.024587
0.977500 0.022741
0.978400 0.020965
0.979300 0.019261
0.980200 0.017628
0.981100 0.016067
0.982000 0.014578
0.982900 0.013160
0.983800 0.011814
0.984700 0.010541
0.985600 0.009339
0.986500 0.008210
0.987400 0.007154
0.988300 0.006169
0.989200 0.005258
0.990100 0.004419
0.991000 0.003652
0.991900 0.002959
0.992800 0.002338
0.993700 0.001790
0.994600 0.001315
0.995500 0.000914
0.996400 0.000585
0.997300 0.000329
0.998200 0.000146
0.999100 0.000037
1.000000 0.000000
